"#Wallet 4f2bef8f274a0e23, page 8444 from 8444, transactions 844301-844357. Updated to block 786566 (2023-04-22 17:43:36 UTC). Source: WalletExplorer.com"
date,received from,received amount,sent amount,sent to,balance,transaction
2021-11-17 08:16:51,"0000118f10f7db77",100,,,15416.63420522,"6faa88136d33cbbc9139577353cd1e5adfd3fb6884f78ce84fff91a16cb0cc1d"
2021-11-17 08:16:51,"000152cadb98ef45",2.06483788,,,15316.63420522,"10ec8272fa5a322686325c765285601fabf93e6c9d35ed295ea77c3bca5fd04b"
2021-11-17 08:16:51,"0000368d30c17cf3",1.99901319,,,15314.56936734,"743c37d36be175d308872de4f57d6647b89a0f92cc7e302375bea2e0ee448624"
2021-11-17 08:16:51,"00004d56c03746b9",6.94857644,,,15312.57035415,"c315c1c7189e5837542196289a7c856e482e91352109fca189dd13feca66988e"
2021-11-17 08:16:51,"0000ad52f40d8b32",1.61305926,,,15305.62177771,"fe3115adf02716f9d61b34d20cf147ef8b1021c2faf9bde36788f338585ad941"
2021-11-17 08:16:51,"00002afd2d885307",0.47604078,,,15304.00871845,"8cf9c1beadee7548e55bb46396d91047bb590af1ba5344b7dcb894412299fafa"
2021-11-17 08:16:51,"00002afd2d885307",1,,,15303.53267767,"d836805f09f54d86579b1c9f736695ad30d6ee75efc32120c2379730c625d761"
2021-11-17 08:16:51,"000046afc6647548",22.59629389,,,15302.53267767,"ff50f2f4e4d05de3be196984aa960d64c01310b1f425ca7007696178542a6c77"
2021-11-17 08:16:51,"000015412c73a70c",2,,,15279.93638378,"d94843abb4472fcca192115391beefa6ff78ad6017eb86d609086879dd17fd1a"
2021-11-17 08:16:51,"0000368d30c17cf3",3,,,15277.93638378,"95c049bd05b0514ec75cd981450c0c0b4a84682a7206dfdba677afa60e99a300"
2021-11-17 08:15:49,"0000d3be55fd4d24",30.80569782,,,15274.93638378,"db7665534ae3edf5ba672f08b5a79384265da508a0d6f9a94efef5c070cd638d"
2021-11-17 08:15:49,"00004da860688bdd",2.00622601,,,15244.13068596,"56a7ed038931c5a6d5808b33f6e257cf49e4cadfd46f9a40cde27327b6ab134e"
2021-11-17 08:15:49,"0000efb497176d38",21.06509301,,,15242.12445995,"8d85d80238d4fdf6d2a1b5204d13c7e94ba7667de5dbb1255261a399653646a5"
2021-11-17 08:15:49,"0003a0c4143b9ef8",2,,,15221.05936694,"1afd62b7ec93415e5b98edfa86b6251d85f70ed68bf3787e57f8ba36c9da6341"
2021-11-17 08:15:49,"000065c79fe2c91d",17.45289604,,,15219.05936694,"c764c7b5e983ba50a2b9f0470abf966bfdbc57482315cacbb962096efe4d53ed"
2021-11-17 08:15:49,"00093714f0c27ad6",1.13492922,,,15201.6064709,"e3a6a4767e9261689ae37e571e81bdd4e871c129e4c531d060a9337a63e15c48"
2021-11-17 08:15:49,"0000a781da940868",3.13520073,,,15200.47154168,"02ffccb7c5f8b85ce81e2b4cef7eabeaf07f1632e26e771fb0bbf53ddb1ac796"
2021-11-17 08:15:49,"00014604300b1de5",1.24318838,,,15197.33634095,"629fd72cdce9e77e0fb7467e9b91257c921fac2154d7f85131481558668d4d88"
2021-11-17 08:15:49,"000019163cf69836",1,,,15196.09315257,"9dde6bcbc047e3f72a999606e46123e4c8ae40cd9d56d1506b94d0d84c24b357"
2021-11-17 08:15:49,"0000237db9245ec0",56.23517785,,,15195.09315257,"12748c51127002093996e2614eb1a5264e51d8898498b93da78731a42838f4db"
2021-11-17 08:15:49,"0003a0c4143b9ef8",0.50378316,,,15138.85797472,"0a2cbf73a30ebb01720ff802432f2a75e6361980ebdefe4babc1e110d1b47855"
2021-11-17 08:15:49,"000015412c73a70c",3,,,15138.35419156,"cacab2b0196332bd8195e5df182d311ea4a7cfebd07203f432782b2b9b48fe27"
2021-11-17 08:15:49,"0003e0c5cc7bce12",1.45422176,,,15135.35419156,"8bdcfcec3c6112295b4b2196e00fb9e53b3d010d236f8959446ac9d57a6dacca"
2021-11-17 08:15:49,"00004a2eaca73442",22.51934692,,,15133.8999698,"fdbe5a074973bcb45ac184d2f963ce58674fa5dad6b206512dfe3970006aa446"
2021-11-17 08:15:49,"00000f93063e2d53",1.03831639,,,15111.38062288,"3b0068e427657848b07bedd10bd58adf37b8cbf879ea4b025b97db7a0b6de2e9"
2021-11-17 08:15:49,"000015412c73a70c",1,,,15110.34230649,"6fea5649e66f8be9d21626fce9fec8c84c4ef9f43afd04fc5a6e663311e8a947"
2021-11-17 08:15:49,"000019163cf69836",1.43069934,,,15109.34230649,"7bb966041b9d9dfbb7b97857d14eb6282933cbe1c237d3d1df6fb0e137c3b21a"
2021-11-17 08:15:49,"0000011bd9c73aab",21.36845188,,,15107.91160715,"352aba92f8e546051018666f76943ca2c0412b2e76e7c5b0fbbb0b9196975ac7"
2021-11-17 08:15:49,"0006d4e77f1304c0",1.60283046,,,15086.54315527,"3be957e60bbffaed77099a7224ce5579371959676f74dee73a16969f14e7cae2"
2021-11-17 08:15:49,"0001c082dce22bfd",1.01724199,,,15084.94032481,"a37e97b56d1135434e41eed16e8b226460fa41abd1ff800ccb0cc54244919deb"
2021-11-17 08:15:49,"000019163cf69836",3,,,15083.92308282,"d559c773db5de0373daba1878dcb2c7da8d08a4d681c183ed2bb528e085e62a0"
2021-11-17 08:15:49,"0002489f0e8d48b6",11.74973886,,,15080.92308282,"e3ad5abcd64aafd1d052a934f26793ee054d507ba0a3148d133df7540035a15f"
2021-11-17 08:15:49,"0000011bd9c73aab",1.36051779,,,15069.17334396,"2a1a8fc3bf36d5285a4dc2654ccd4dcf037249aa72eb1d56360996e07d5d4bf7"
2021-11-17 08:15:49,"00013fbbb431596b",5.62675792,,,15067.81282617,"88d40383dc7ee056de850420b3d4610966b3f076ca0119d69fc20956cc824e0d"
2021-11-17 08:15:49,"000042ba4d27ee9d",10.59320273,,,15062.18606825,"a18e9d8405cf949d35875311ca660fa1c09582a46088cddbab21a383dda0f0fc"
2021-11-17 08:15:49,"0000138856ef3db3",1.4126882,,,15051.59286552,"c3a99510440db27c84ce68373da9b0091259190911738f86ce060fd5901427cb"
2021-11-17 08:15:49,"000134cbf609a262",1.79311099,,,15050.18017732,"9cffb87623adbd5c8588d92d37bff2a49896d2f9909682f078bcdc692d2be04c"
2021-11-17 08:15:49,"00002123badbf4f0",1.79955581,,,15048.38706633,"a262be020176477b82b88a14cf77d68f303664cdf06a1e1ebead30f5b258dfa3"
2021-11-17 08:15:49,"0000011bd9c73aab",16.21057227,,,15046.58751052,"4ec791e3215f828202002c991a9c7c76e67dab11bff1769535a7e6c497e05a7b"
2021-11-17 08:15:49,"0000011bd9c73aab",3.39862798,,,15030.37693825,"29e6431fb1cd689c52bb5c0338749ffdebbb06e2163343d3da22ee8f338bd361"
2021-11-17 08:15:49,"000084504fd0cf88",1.02290268,,,15026.97831027,"6d85e2e70c7a8048be19cfde1e4f8f1d3ecb39a05598c274a221f037c6a4c2bc"
2021-11-17 08:15:49,"0000077cd7df63ab",1.17941726,,,15025.95540759,"986288f57a4006f44d007048f58c00987e2db45dd66f0e57e4b6cbe4c2244b5e"
2021-11-17 08:15:49,"00004156fc1036a2",1.65808222,,,15024.77599033,"9eb74ed11d69315df14305f51f38b9e8a1fa574e94b162f5c0027becb205ac72"
2021-11-17 08:15:49,"0000118f10f7db77",2,,,15023.11790811,"a7b076d3f28860c88be8610a729a5a8c3303ad5e1e800b5954574bdb6938f0a7"
2021-11-17 08:08:48,"0000a19b8b6c6c59",2.722511,,,15021.11790811,"c74134bacb6057a1f7f30e41e7fd67fd2e0c8f7e75bca656c3558023510cc6b6"
2021-11-17 08:08:48,"0000e3a3b86dee8f",1.00053558,,,15018.39539711,"06149aafad32a91997ae5f755ab9c7f1fdcd581662813020dab6df130b7671ba"
2021-11-17 08:08:48,"000015412c73a70c",1,,,15017.39486153,"9b0b04dbba5d48f55d08e5c6a0f269f2f09148f508c8295cdfc30c1fd9c7724f"
2021-11-17 08:08:48,"00093714f0c27ad6",2.27161029,,,15016.39486153,"0a0e75804235c0cfcea1633d7529c210d82404a96e765cd0f6d86644f44597e0"
2021-11-17 08:08:48,"0000011bd9c73aab",2.02846686,,,15014.12325124,"1226fac509b671cfb0c8b994a5b91603361a8bfc604eb880cefeb2687172ead0"
2021-11-17 08:08:48,"0000399bdbfe6752",1.22438305,,,15012.09478438,"7011b262186f610e5b58faf9e080bfc5de975b970f6589f461d26bc64665676c"
2021-11-17 08:08:48,"00004156fc1036a2",10.81773433,,,15010.87040133,"a45affdf60f5464eb7430f3b6bb161c0c331baadef239c7f65f65fbb1fa2373e"
2021-11-17 08:08:48,"000028cc8167c695",1.17812205,,,15000.052667,"cd12efce808479a0f20dbee1da2d53b6b51350c08bba869de2d66002f9d3a631"
2021-10-29 12:52:20,"03c2b530d661aa40",10000,,,14998.87454495,"5f8a5a27564458e319f6aff6990e1fe9678130b6f342d456420a1829f81d6cb4"
2021-10-29 01:24:27,,,1.02513334,"0000580477bbaff8",4998.87454495,"3adc84fb96646197a891211499361e8800331a5f0546a520ac0b23ce7d6a8aa6"
2021-10-29 01:24:27,,,0.0575529,"85e4642b7d09b9cc",4998.87454495,"3adc84fb96646197a891211499361e8800331a5f0546a520ac0b23ce7d6a8aa6"
2021-10-29 01:24:27,,,0.04022523,"000013971c84fbcf",4998.87454495,"3adc84fb96646197a891211499361e8800331a5f0546a520ac0b23ce7d6a8aa6"
2021-10-29 01:24:27,,,0.01043196,"00067976d97ae016",4998.87454495,"3adc84fb96646197a891211499361e8800331a5f0546a520ac0b23ce7d6a8aa6"
2021-10-29 01:24:27,,,5.576E-5,"(fee)",4998.87454495,"3adc84fb96646197a891211499361e8800331a5f0546a520ac0b23ce7d6a8aa6"
2021-10-25 08:13:01,"03c2b530d661aa40",5000,,,5000.00794414,"85829a31a1383dc0fdc4e1a175fc8210205da27cb7cdc8057762d1e8aabebfb1"
2021-10-12 07:03:37,,,0.0015,"0002489f0e8d48b6",0.00794414,"438a047e6e56956243a538075a7544bd31374a683afc9bfd86214ca8c15e7423"
2021-10-12 07:03:37,,,5.586E-5,"(fee)",0.00794414,"438a047e6e56956243a538075a7544bd31374a683afc9bfd86214ca8c15e7423"
2021-10-08 07:14:44,"Binance.com (00000b55c1bcbc1f)",0.0095,,,0.0095,"9ca7d852f18433adc4be674baead5db82a222707c1f0cd41d40bde6d84e3a96c"
